5.513e+03	8.300e-09	6.300e-09
5.621e+03	7.400e-09	5.800e-09
5.833e+03	7.700e-09	5.900e-09
5.907e+03	7.300e-09	5.700e-09
5.969e+03	1.100e-08	8.200e-09
6.010e+03	1.800e-08	1.400e-08
6.102e+03	1.020e-08	8.000e-09
6.217e+03	1.130e-08	8.900e-09
6.401e+03	1.370e-08	1.030e-08
6.573e+03	1.130e-08	8.700e-09
6.645e+03	9.100e-09	7.100e-09
6.911e+03	1.780e-08	1.400e-08
6.995e+03	1.490e-08	1.150e-08
7.335e+03	1.900e-08	1.500e-08
7.830e+03	2.500e-08	1.900e-08
8.305e+03	3.000e-08	2.200e-08
1.026e+04	7.270e-08	4.230e-08
1.057e+04	1.050e-07	7.060e-08
1.088e+04	7.810e-08	3.350e-08
1.118e+04	1.210e-07	5.900e-08
1.149e+04	1.465e-07	8.150e-08
1.180e+04	1.855e-07	1.385e-07
1.210e+04	1.724e-07	1.236e-07
1.241e+04	1.556e-07	1.164e-07
1.272e+04	1.828e-07	1.392e-07
1.303e+04	2.160e-07	1.720e-07
1.333e+04	2.281e-07	1.839e-07
1.364e+04	2.447e-07	2.053e-07
1.395e+04	2.651e-07	2.229e-07
1.426e+04	2.967e-07	2.553e-07
1.456e+04	3.161e-07	2.779e-07
1.487e+04	3.586e-07	3.154e-07
1.518e+04	3.890e-07	3.410e-07
1.548e+04	4.015e-07	3.545e-07
1.579e+04	3.989e-07	3.671e-07