5.025e+03	7.310e-08	2.390e-08
5.159e+03	6.240e-08	3.400e-08
5.274e+03	6.960e-08	2.060e-08
5.384e+03	1.314e-07	6.240e-08
5.537e+03	3.550e-08	1.350e-08
5.641e+03	8.320e-08	2.580e-08
5.766e+03	6.600e-08	3.480e-08
5.781e+03	1.645e-07	3.750e-08
5.813e+03	1.122e-07	3.640e-08
5.830e+03	1.597e-07	9.030e-08
5.853e+03	9.090e-08	5.610e-08
6.000e+03	1.487e-07	7.130e-08
6.132e+03	1.813e-07	1.187e-07
6.192e+03	1.917e-07	1.163e-07
6.337e+03	1.521e-07	9.590e-08
6.416e+03	1.919e-07	1.081e-07
6.543e+03	1.120e-07	7.180e-08
6.861e+03	1.368e-07	8.120e-08
7.043e+03	1.802e-07	1.158e-07
7.266e+03	1.965e-07	1.335e-07
7.509e+03	2.204e-07	1.336e-07
7.738e+03	2.387e-07	1.393e-07
