1.104e+04	4.477e-08	3.063e-08
1.126e+04	6.163e-08	4.777e-08
1.149e+04	5.739e-08	4.381e-08
1.171e+04	6.961e-08	5.479e-08
1.194e+04	7.846e-08	6.394e-08
1.217e+04	7.558e-08	6.702e-08
1.241e+04	8.179e-08	7.201e-08
1.264e+04	1.043e-07	9.331e-08
1.286e+04	1.114e-07	1.006e-07
1.310e+04	1.160e-07	1.040e-07
1.332e+04	1.265e-07	1.135e-07
1.355e+04	1.344e-07	1.216e-07
1.378e+04	1.494e-07	1.406e-07
1.401e+04	1.590e-07	1.491e-07
1.425e+04	1.649e-07	1.551e-07
1.448e+04	1.888e-07	1.792e-07
1.471e+04	2.251e-07	2.109e-07
1.495e+04	2.490e-07	2.350e-07
1.518e+04	2.799e-07	2.661e-07
1.541e+04	2.843e-07	2.697e-07
1.564e+04	3.262e-07	3.118e-07
1.588e+04	3.466e-07	3.314e-07
1.611e+04	3.755e-07	3.605e-07
1.635e+04	3.890e-07	3.730e-07
1.657e+04	3.899e-07	3.741e-07
1.679e+04	4.107e-07	3.952e-07
1.702e+04	3.921e-07	3.759e-07
1.724e+04	3.851e-07	3.689e-07
1.748e+04	3.729e-07	3.571e-07
1.769e+04	3.693e-07	3.527e-07
1.792e+04	3.702e-07	3.538e-07
1.817e+04	3.351e-07	3.189e-07
1.840e+04	3.390e-07	3.230e-07
1.862e+04	3.009e-07	2.851e-07
1.886e+04	2.965e-07	2.855e-07
1.909e+04	2.754e-07	2.646e-07
1.934e+04	2.731e-07	2.569e-07
1.954e+04	2.503e-07	2.397e-07
1.983e+04	2.193e-07	2.088e-07
2.007e+04	2.006e-07	1.894e-07
2.029e+04	1.786e-07	1.674e-07
2.053e+04	1.611e-07	1.509e-07
2.077e+04	1.454e-07	1.346e-07
2.100e+04	1.164e-07	1.056e-07
2.123e+04	1.117e-07	1.003e-07
2.147e+04	1.051e-07	9.374e-08
2.170e+04	9.790e-08	8.750e-08
2.193e+04	7.084e-08	6.056e-08
2.216e+04	7.198e-08	6.102e-08
2.240e+04	5.112e-08	4.028e-08
2.263e+04	6.818e-08	5.822e-08
2.286e+04	5.693e-08	4.707e-08
2.308e+04	6.121e-08	5.219e-08
2.332e+04	6.625e-08	5.955e-08
2.357e+04	5.921e-08	5.259e-08
2.375e+04	5.151e-08	4.129e-08
2.394e+04	5.502e-08	4.778e-08
2.427e+04	4.936e-08	3.864e-08
2.445e+04	5.070e-08	3.510e-08
2.460e+04	4.586e-08	3.034e-08
2.469e+04	4.633e-08	3.087e-08
2.492e+04	4.107e-08	2.993e-08
2.506e+04	4.911e-08	3.389e-08
