1.420e+04	3.210e-07	3.210e-07
1.430e+04	3.310e-07	3.310e-07
1.440e+04	3.420e-07	3.420e-07
1.450e+04	3.520e-07	3.520e-07
1.460e+04	3.630e-07	3.630e-07
1.470e+04	3.740e-07	3.740e-07
1.480e+04	3.840e-07	3.840e-07
1.490e+04	3.940e-07	3.940e-07
1.500e+04	4.040e-07	4.040e-07
1.510e+04	4.130e-07	4.130e-07
1.520e+04	4.210e-07	4.210e-07
1.530e+04	4.290e-07	4.290e-07
1.540e+04	4.360e-07	4.360e-07
1.550e+04	4.430e-07	4.430e-07
1.560e+04	4.480e-07	4.480e-07
1.570e+04	4.530e-07	4.530e-07
1.580e+04	4.570e-07	4.570e-07
1.590e+04	4.600e-07	4.600e-07
1.600e+04	4.640e-07	4.640e-07
1.610e+04	4.650e-07	4.650e-07
1.620e+04	4.670e-07	4.670e-07
1.630e+04	4.680e-07	4.680e-07
1.640e+04	4.690e-07	4.690e-07
1.650e+04	4.690e-07	4.690e-07
1.660e+04	4.690e-07	4.690e-07
1.670e+04	4.680e-07	4.680e-07
1.680e+04	4.660e-07	4.660e-07
1.690e+04	4.630e-07	4.630e-07
1.700e+04	4.600e-07	4.600e-07
1.710e+04	4.550e-07	4.550e-07
1.720e+04	4.500e-07	4.500e-07
1.730e+04	4.440e-07	4.440e-07
1.740e+04	4.370e-07	4.370e-07
1.750e+04	4.290e-07	4.290e-07
1.760e+04	4.210e-07	4.210e-07
1.770e+04	4.130e-07	4.130e-07
1.780e+04	4.040e-07	4.040e-07
1.790e+04	3.950e-07	3.950e-07
1.800e+04	3.860e-07	3.860e-07
1.810e+04	3.770e-07	3.770e-07
1.820e+04	3.680e-07	3.680e-07
1.830e+04	3.600e-07	3.600e-07
1.840e+04	3.520e-07	3.520e-07
1.850e+04	3.440e-07	3.440e-07
1.860e+04	3.360e-07	3.360e-07
1.870e+04	3.280e-07	3.280e-07
1.880e+04	3.210e-07	3.210e-07
1.890e+04	3.130e-07	3.130e-07
1.900e+04	3.070e-07	3.070e-07
1.910e+04	3.010e-07	3.010e-07
1.920e+04	2.950e-07	2.950e-07
1.930e+04	2.900e-07	2.900e-07
1.940e+04	2.860e-07	2.860e-07
1.950e+04	2.820e-07	2.820e-07
1.960e+04	2.790e-07	2.790e-07
1.970e+04	2.750e-07	2.750e-07
1.980e+04	2.720e-07	2.720e-07
1.990e+04	2.680e-07	2.680e-07
2.000e+04	2.630e-07	2.630e-07
2.010e+04	2.590e-07	2.590e-07
2.020e+04	2.540e-07	2.540e-07
2.030e+04	2.490e-07	2.490e-07
2.040e+04	2.430e-07	2.430e-07
2.050e+04	2.380e-07	2.380e-07
2.060e+04	2.340e-07	2.340e-07
2.070e+04	2.290e-07	2.290e-07
2.080e+04	2.250e-07	2.250e-07
2.090e+04	2.220e-07	2.220e-07
2.100e+04	2.190e-07	2.190e-07
2.110e+04	2.170e-07	2.170e-07
2.120e+04	2.140e-07	2.140e-07
2.130e+04	2.120e-07	2.120e-07
2.140e+04	2.100e-07	2.100e-07
2.150e+04	2.070e-07	2.070e-07
2.160e+04	2.040e-07	2.040e-07
2.170e+04	2.000e-07	2.000e-07
2.180e+04	1.960e-07	1.960e-07
2.190e+04	1.920e-07	1.920e-07
2.200e+04	1.870e-07	1.870e-07
2.210e+04	1.830e-07	1.830e-07
2.220e+04	1.790e-07	1.790e-07
2.230e+04	1.750e-07	1.750e-07
2.240e+04	1.720e-07	1.720e-07
2.250e+04	1.700e-07	1.700e-07
2.260e+04	1.670e-07	1.670e-07
2.270e+04	1.650e-07	1.650e-07
2.280e+04	1.630e-07	1.630e-07
2.290e+04	1.610e-07	1.610e-07
2.300e+04	1.570e-07	1.570e-07
2.310e+04	1.530e-07	1.530e-07
2.320e+04	1.480e-07	1.480e-07
2.330e+04	1.420e-07	1.420e-07
2.340e+04	1.350e-07	1.350e-07
2.350e+04	1.280e-07	1.280e-07
2.360e+04	1.210e-07	1.210e-07
2.370e+04	1.150e-07	1.150e-07
2.380e+04	1.100e-07	1.100e-07
2.390e+04	1.060e-07	1.060e-07
2.400e+04	1.030e-07	1.030e-07
2.410e+04	1.010e-07	1.010e-07
2.420e+04	1.000e-07	1.000e-07
2.430e+04	9.920e-08	9.920e-08
2.440e+04	9.880e-08	9.880e-08
2.450e+04	9.770e-08	9.770e-08
2.460e+04	9.660e-08	9.660e-08
2.470e+04	9.520e-08	9.520e-08
2.480e+04	9.270e-08	9.270e-08
2.490e+04	9.020e-08	9.020e-08
2.500e+04	8.710e-08	8.710e-08
2.510e+04	8.360e-08	8.360e-08
2.520e+04	8.090e-08	8.090e-08
2.530e+04	7.850e-08	7.850e-08
2.540e+04	7.720e-08	7.720e-08
2.550e+04	7.690e-08	7.690e-08
2.560e+04	7.730e-08	7.730e-08
2.570e+04	7.800e-08	7.800e-08
2.580e+04	7.930e-08	7.930e-08
2.590e+04	8.070e-08	8.070e-08
2.600e+04	8.210e-08	8.210e-08
2.610e+04	8.340e-08	8.340e-08
2.620e+04	8.410e-08	8.410e-08
2.630e+04	8.480e-08	8.480e-08
2.640e+04	8.480e-08	8.480e-08
2.650e+04	8.440e-08	8.440e-08
2.660e+04	8.380e-08	8.380e-08
2.670e+04	8.280e-08	8.280e-08
2.680e+04	8.190e-08	8.190e-08
