1.087e+04	5.348e-08	3.432e-08
1.118e+04	5.043e-08	3.337e-08
1.149e+04	6.421e-08	4.459e-08
1.164e+04	3.730e-08	7.500e-09
1.179e+04	1.311e-07	9.290e-08
1.195e+04	1.060e-07	7.120e-08
1.210e+04	1.502e-07	1.058e-07
1.225e+04	1.182e-07	8.000e-08
1.241e+04	1.372e-07	1.008e-07
1.271e+04	1.515e-07	1.105e-07
1.302e+04	1.720e-07	1.280e-07
1.333e+04	1.701e-07	1.259e-07
1.364e+04	2.077e-07	1.543e-07
1.394e+04	2.312e-07	1.728e-07
1.425e+04	2.563e-07	1.917e-07
1.456e+04	2.959e-07	2.221e-07
1.487e+04	3.095e-07	2.325e-07
1.517e+04	3.393e-07	2.547e-07
1.548e+04	3.745e-07	2.815e-07
1.579e+04	4.085e-07	3.075e-07
1.610e+04	4.279e-07	3.201e-07
1.640e+04	4.204e-07	3.156e-07
1.671e+04	4.079e-07	3.061e-07
1.702e+04	3.869e-07	2.911e-07
1.732e+04	3.461e-07	2.599e-07
1.763e+04	3.223e-07	2.417e-07
1.794e+04	3.346e-07	2.514e-07
1.825e+04	2.802e-07	2.098e-07
1.855e+04	3.029e-07	2.271e-07
1.886e+04	2.760e-07	2.060e-07
1.917e+04	2.823e-07	2.117e-07
1.948e+04	2.263e-07	1.657e-07
1.978e+04	2.427e-07	1.813e-07
2.009e+04	2.334e-07	1.686e-07
2.040e+04	2.126e-07	1.574e-07
2.070e+04	2.082e-07	1.538e-07
2.101e+04	2.136e-07	1.624e-07
2.132e+04	1.848e-07	1.352e-07
2.163e+04	1.977e-07	1.503e-07
2.193e+04	1.777e-07	1.303e-07
2.224e+04	1.956e-07	1.504e-07
2.255e+04	1.896e-07	1.404e-07
2.286e+04	1.950e-07	1.510e-07
2.316e+04	1.645e-07	1.255e-07
2.347e+04	1.658e-07	1.282e-07
2.378e+04	1.401e-07	1.059e-07
2.408e+04	1.426e-07	1.094e-07
2.439e+04	1.203e-07	8.970e-08
2.470e+04	1.153e-07	8.870e-08
2.501e+04	1.190e-07	8.700e-08
2.531e+04	1.100e-07	7.840e-08
2.562e+04	1.050e-07	7.180e-08
2.593e+04	1.013e-07	7.390e-08
2.624e+04	8.160e-08	5.120e-08
2.654e+04	8.080e-08	5.000e-08
