1.088e+04	5.188e-08	3.592e-08
1.118e+04	4.888e-08	3.492e-08
1.149e+04	6.119e-08	4.761e-08
1.164e+04	3.720e-08	7.400e-09
1.180e+04	1.230e-07	1.010e-07
1.195e+04	1.016e-07	7.540e-08
1.210e+04	1.423e-07	1.137e-07
1.226e+04	1.125e-07	8.570e-08
1.241e+04	1.274e-07	1.106e-07
1.272e+04	1.405e-07	1.214e-07
1.303e+04	1.573e-07	1.427e-07
1.333e+04	1.571e-07	1.389e-07
1.364e+04	1.899e-07	1.721e-07
1.395e+04	2.103e-07	1.917e-07
1.426e+04	2.337e-07	2.143e-07
1.456e+04	2.661e-07	2.518e-07
1.487e+04	2.798e-07	2.622e-07
1.518e+04	3.056e-07	2.884e-07
1.548e+04	3.364e-07	3.196e-07
1.579e+04	3.662e-07	3.498e-07
1.610e+04	3.875e-07	3.605e-07
1.641e+04	3.786e-07	3.574e-07
1.671e+04	3.684e-07	3.456e-07
1.702e+04	3.482e-07	3.298e-07
1.733e+04	3.115e-07	2.945e-07
1.764e+04	2.918e-07	2.722e-07
1.794e+04	3.017e-07	2.843e-07
1.825e+04	2.540e-07	2.360e-07
1.856e+04	2.734e-07	2.566e-07
1.886e+04	2.502e-07	2.318e-07
1.917e+04	2.560e-07	2.379e-07
1.948e+04	2.094e-07	1.826e-07
1.979e+04	2.148e-07	1.972e-07
2.010e+04	2.007e-07	1.713e-07
2.040e+04	1.846e-07	1.634e-07
2.071e+04	1.806e-07	1.554e-07
2.102e+04	1.813e-07	1.647e-07
2.132e+04	1.583e-07	1.257e-07
2.163e+04	1.660e-07	1.420e-07
2.194e+04	1.498e-07	1.142e-07
2.225e+04	1.717e-07	1.483e-07
2.255e+04	1.542e-07	1.158e-07
2.286e+04	1.684e-07	1.456e-07
2.317e+04	1.400e-07	1.160e-07
2.348e+04	1.441e-07	1.219e-07
2.378e+04	1.148e-07	8.920e-08
2.409e+04	1.148e-07	9.320e-08
2.440e+04	9.420e-08	6.940e-08
2.470e+04	9.128e-08	7.372e-08
2.501e+04	9.190e-08	6.410e-08
2.532e+04	9.250e-08	6.170e-08
2.563e+04	8.800e-08	5.420e-08
2.593e+04	8.530e-08	6.190e-08
2.624e+04	7.100e-08	3.800e-08
2.655e+04	7.680e-08	4.080e-08
