6.147e+03	9.712e-09	7.808e-09
6.224e+03	1.495e-08	8.850e-09
6.251e+03	1.557e-08	9.230e-09
6.275e+03	4.832e-09	3.548e-09
6.331e+03	6.170e-09	2.550e-09
6.345e+03	1.821e-08	1.079e-08
6.443e+03	2.846e-08	1.654e-08
6.461e+03	4.335e-09	2.625e-09
6.587e+03	1.623e-08	8.570e-09
6.634e+03	1.115e-08	6.890e-09
6.758e+03	9.730e-09	6.410e-09
6.793e+03	8.500e-09	3.380e-09
6.918e+03	1.384e-08	8.560e-09
7.012e+03	1.695e-08	9.850e-09
7.107e+03	1.658e-08	1.242e-08
7.159e+03	1.421e-08	7.790e-09
7.259e+03	6.880e-09	3.340e-09
7.348e+03	1.616e-08	1.064e-08
7.472e+03	1.390e-08	8.100e-09
7.569e+03	2.422e-08	1.498e-08
7.605e+03	1.722e-08	1.158e-08
7.655e+03	1.800e-08	1.160e-08
7.681e+03	2.411e-08	1.469e-08
7.709e+03	2.739e-08	1.561e-08
7.779e+03	3.699e-08	2.241e-08
8.044e+03	2.821e-08	1.939e-08
8.136e+03	4.413e-08	2.787e-08
8.318e+03	2.802e-08	2.058e-08
8.364e+03	2.396e-08	1.684e-08
8.451e+03	3.658e-08	2.262e-08
9.111e+03	3.678e-08	2.702e-08
