6.243e+03	2.060e-08	2.060e-08
6.292e+03	2.675e-08	1.465e-08
6.788e+03	3.230e-08	2.070e-08
6.883e+03	2.070e-08	1.210e-08
6.904e+03	1.068e-07	6.540e-08
7.120e+03	6.840e-08	3.960e-08
7.248e+03	2.610e-08	2.610e-08
7.402e+03	4.180e-08	2.440e-08
7.461e+03	3.625e-08	2.435e-08
7.519e+03	4.531e-08	2.709e-08
7.575e+03	4.060e-08	2.060e-08
7.635e+03	6.200e-08	3.240e-08
7.675e+03	5.620e-08	3.380e-08
7.996e+03	4.442e-08	2.778e-08
8.062e+03	4.169e-08	2.671e-08
8.111e+03	6.410e-08	4.010e-08
8.171e+03	5.980e-08	3.740e-08
8.249e+03	6.080e-08	3.800e-08
8.308e+03	5.770e-08	3.290e-08
8.623e+03	5.070e-08	2.950e-08
8.681e+03	6.030e-08	3.690e-08
9.124e+03	7.350e-08	4.710e-08
9.184e+03	5.650e-08	3.370e-08
9.726e+03	5.756e-08	4.384e-08
9.778e+03	6.370e-08	4.090e-08
