1.026e+04	7.440e-08	4.060e-08
1.056e+04	1.084e-07	6.740e-08
1.087e+04	7.900e-08	3.280e-08
1.118e+04	1.234e-07	5.660e-08
1.149e+04	1.495e-07	7.850e-08
1.179e+04	1.944e-07	1.296e-07
1.210e+04	1.795e-07	1.165e-07
1.241e+04	1.633e-07	1.087e-07
1.271e+04	1.917e-07	1.303e-07
1.302e+04	2.286e-07	1.594e-07
1.333e+04	2.418e-07	1.702e-07
1.364e+04	2.619e-07	1.881e-07
1.394e+04	2.848e-07	2.052e-07
1.425e+04	3.198e-07	2.322e-07
1.456e+04	3.423e-07	2.517e-07
1.487e+04	3.883e-07	2.857e-07
1.517e+04	4.210e-07	3.090e-07
1.548e+04	4.357e-07	3.203e-07
1.579e+04	4.385e-07	3.275e-07
1.610e+04	4.451e-07	3.309e-07
1.625e+04	4.496e-07	3.344e-07
1.640e+04	4.562e-07	3.398e-07
1.656e+04	4.466e-07	3.334e-07
1.671e+04	4.601e-07	3.439e-07
1.686e+04	4.446e-07	3.314e-07
1.702e+04	4.491e-07	3.349e-07
1.717e+04	4.326e-07	3.214e-07
1.732e+04	4.326e-07	3.214e-07
1.748e+04	4.001e-07	2.979e-07
1.763e+04	3.767e-07	2.793e-07
1.779e+04	3.842e-07	2.838e-07
1.794e+04	3.938e-07	2.922e-07
1.809e+04	3.635e-07	2.685e-07
1.825e+04	3.476e-07	2.564e-07
1.840e+04	3.328e-07	2.452e-07
1.855e+04	3.678e-07	2.742e-07
1.871e+04	3.496e-07	2.624e-07
1.886e+04	3.329e-07	2.511e-07
1.901e+04	3.025e-07	2.295e-07
1.917e+04	2.944e-07	2.256e-07
1.932e+04	3.027e-07	2.353e-07
1.948e+04	3.005e-07	2.355e-07
1.963e+04	2.884e-07	2.256e-07
1.978e+04	2.883e-07	2.277e-07
1.994e+04	2.758e-07	2.202e-07
2.009e+04	2.548e-07	2.012e-07
2.024e+04	2.414e-07	1.926e-07
2.040e+04	2.344e-07	1.876e-07
2.055e+04	2.264e-07	1.816e-07
2.070e+04	2.222e-07	1.778e-07
2.086e+04	2.088e-07	1.672e-07
2.101e+04	2.121e-07	1.659e-07
2.117e+04	1.991e-07	1.589e-07
2.132e+04	2.044e-07	1.556e-07
2.147e+04	2.032e-07	1.628e-07
2.163e+04	1.941e-07	1.499e-07
2.178e+04	1.919e-07	1.521e-07
2.193e+04	1.756e-07	1.344e-07
2.209e+04	1.663e-07	1.317e-07
2.224e+04	1.615e-07	1.225e-07
2.239e+04	1.630e-07	1.290e-07
2.255e+04	1.606e-07	1.214e-07
2.270e+04	1.564e-07	1.236e-07
2.286e+04	1.482e-07	1.118e-07
2.301e+04	1.458e-07	1.142e-07
2.316e+04	1.450e-07	1.090e-07
2.347e+04	1.275e-07	9.650e-08
2.378e+04	1.025e-07	7.330e-08
2.408e+04	9.870e-08	6.910e-08
2.439e+04	9.780e-08	6.440e-08
2.470e+04	8.290e-08	5.130e-08
2.531e+04	8.050e-08	4.690e-08
2.593e+04	6.690e-08	3.950e-08
2.654e+04	8.500e-08	5.360e-08
2.716e+04	7.180e-08	4.500e-08
