1.050e+04	3.300e-08	3.300e-08
1.100e+04	5.520e-08	5.520e-08
1.150e+04	8.300e-08	8.300e-08
1.200e+04	1.230e-07	1.230e-07
1.250e+04	1.600e-07	1.600e-07
1.300e+04	2.140e-07	2.140e-07
1.350e+04	2.700e-07	2.700e-07
1.400e+04	3.100e-07	3.100e-07
1.450e+04	3.770e-07	3.770e-07
1.500e+04	4.510e-07	4.510e-07
1.550e+04	4.870e-07	4.870e-07
1.600e+04	5.100e-07	5.100e-07
1.650e+04	5.260e-07	5.260e-07
1.690e+04	5.240e-07	5.240e-07
1.750e+04	4.760e-07	4.760e-07
1.800e+04	4.190e-07	4.190e-07
1.840e+04	3.820e-07	3.820e-07
1.890e+04	3.490e-07	3.490e-07
1.930e+04	3.370e-07	3.370e-07
1.990e+04	3.270e-07	3.270e-07
2.050e+04	3.130e-07	3.130e-07
2.100e+04	3.020e-07	3.020e-07
2.150e+04	2.860e-07	2.860e-07
2.200e+04	2.800e-07	2.800e-07
2.250e+04	2.660e-07	2.660e-07
2.300e+04	2.410e-07	2.410e-07
2.350e+04	2.100e-07	2.100e-07
2.400e+04	1.700e-07	1.700e-07
2.450e+04	1.310e-07	1.310e-07
2.500e+04	1.080e-07	1.080e-07
2.550e+04	1.020e-07	1.020e-07
2.600e+04	1.000e-07	1.000e-07
2.650e+04	9.490e-08	9.490e-08
2.700e+04	8.990e-08	8.990e-08
2.750e+04	8.520e-08	8.520e-08
