5.560e+03	2.025e-08	1.255e-08
5.639e+03	2.163e-08	1.317e-08
6.034e+03	2.634e-08	2.066e-08
6.350e+03	3.640e-08	1.520e-08
6.414e+03	2.726e-08	1.894e-08
6.605e+03	2.775e-08	1.945e-08
6.809e+03	4.640e-08	1.500e-08
6.921e+03	3.663e-08	1.797e-08
7.048e+03	3.116e-08	2.164e-08
7.160e+03	2.893e-08	2.027e-08
7.285e+03	3.250e-08	2.550e-08
7.364e+03	3.824e-08	2.916e-08
7.444e+03	3.135e-08	2.345e-08
7.584e+03	4.809e-08	3.531e-08
7.667e+03	3.123e-08	2.057e-08
7.919e+03	3.913e-08	2.927e-08
8.029e+03	4.308e-08	3.512e-08
8.188e+03	4.176e-08	3.244e-08
8.551e+03	5.289e-08	4.311e-08
8.901e+03	4.483e-08	3.917e-08
9.660e+03	6.690e-08	5.350e-08
1.026e+04	7.270e-08	4.230e-08
1.057e+04	1.050e-07	7.060e-08
1.088e+04	7.810e-08	3.350e-08
1.118e+04	1.210e-07	5.900e-08
1.149e+04	1.465e-07	8.150e-08
1.180e+04	1.855e-07	1.385e-07
1.210e+04	1.724e-07	1.236e-07
1.241e+04	1.556e-07	1.164e-07
1.272e+04	1.828e-07	1.392e-07
1.303e+04	2.160e-07	1.720e-07
1.333e+04	2.281e-07	1.839e-07
1.364e+04	2.447e-07	2.053e-07
1.395e+04	2.651e-07	2.229e-07
1.426e+04	2.967e-07	2.553e-07
1.456e+04	3.161e-07	2.779e-07
1.487e+04	3.586e-07	3.154e-07
1.518e+04	3.890e-07	3.410e-07
1.548e+04	4.015e-07	3.545e-07
1.579e+04	3.989e-07	3.671e-07
