1.026e+04	7.270e-08	4.230e-08
1.057e+04	1.050e-07	7.060e-08
1.088e+04	7.810e-08	3.350e-08
1.118e+04	1.210e-07	5.900e-08
1.149e+04	1.465e-07	8.150e-08
1.180e+04	1.855e-07	1.385e-07
1.210e+04	1.724e-07	1.236e-07
1.241e+04	1.556e-07	1.164e-07
1.272e+04	1.828e-07	1.392e-07
1.303e+04	2.160e-07	1.720e-07
1.333e+04	2.281e-07	1.839e-07
1.364e+04	2.447e-07	2.053e-07
1.395e+04	2.651e-07	2.229e-07
1.426e+04	2.967e-07	2.553e-07
1.456e+04	3.161e-07	2.779e-07
1.487e+04	3.586e-07	3.154e-07
1.518e+04	3.890e-07	3.410e-07
1.548e+04	4.015e-07	3.545e-07
1.579e+04	3.989e-07	3.671e-07
1.610e+04	4.063e-07	3.697e-07
1.625e+04	4.096e-07	3.744e-07
1.641e+04	4.149e-07	3.811e-07
1.656e+04	4.052e-07	3.748e-07
1.671e+04	4.176e-07	3.864e-07
1.687e+04	4.050e-07	3.710e-07
1.702e+04	4.078e-07	3.762e-07
1.718e+04	3.952e-07	3.588e-07
1.733e+04	3.945e-07	3.595e-07
1.748e+04	3.654e-07	3.326e-07
1.764e+04	3.457e-07	3.103e-07
1.779e+04	3.535e-07	3.145e-07
1.794e+04	3.629e-07	3.291e-07
1.810e+04	3.138e-07	2.822e-07
1.825e+04	2.926e-07	2.594e-07
1.840e+04	2.869e-07	2.511e-07
1.856e+04	3.068e-07	2.732e-07
1.871e+04	2.906e-07	2.554e-07
1.886e+04	2.719e-07	2.361e-07
1.902e+04	2.359e-07	2.021e-07
1.917e+04	2.297e-07	1.963e-07
1.933e+04	2.401e-07	2.059e-07
1.948e+04	2.344e-07	1.996e-07
1.963e+04	2.313e-07	1.907e-07
1.979e+04	2.263e-07	1.877e-07
1.994e+04	2.322e-07	2.078e-07
2.010e+04	2.023e-07	1.617e-07
2.025e+04	1.996e-07	1.704e-07
2.040e+04	1.982e-07	1.658e-07
2.056e+04	1.865e-07	1.595e-07
2.071e+04	1.849e-07	1.531e-07
2.086e+04	1.710e-07	1.410e-07
2.102e+04	1.846e-07	1.434e-07
2.117e+04	1.683e-07	1.397e-07
2.132e+04	1.850e-07	1.330e-07
2.148e+04	1.759e-07	1.461e-07
2.163e+04	1.709e-07	1.251e-07
2.178e+04	1.689e-07	1.371e-07
2.194e+04	1.471e-07	1.029e-07
2.209e+04	1.245e-07	9.550e-08
2.225e+04	1.189e-07	7.610e-08
2.240e+04	1.193e-07	9.070e-08
2.255e+04	1.295e-07	8.650e-08
2.271e+04	1.288e-07	1.012e-07
2.286e+04	1.389e-07	9.710e-08
2.301e+04	1.263e-07	9.770e-08
2.317e+04	1.142e-07	6.700e-08
2.348e+04	8.060e-08	4.140e-08
2.378e+04	6.240e-08	2.080e-08
2.409e+04	6.700e-08	2.520e-08
2.440e+04	7.290e-08	2.810e-08
2.470e+04	6.180e-08	1.900e-08
2.532e+04	3.460e-08	-4.000e-10
2.593e+04	5.350e-08	1.810e-08
2.655e+04	6.900e-08	2.840e-08
2.716e+04	5.590e-08	2.270e-08
