# f1_exp_028_063_OM.dat                                                         
#                                                                               
# Z = 28, A = 63                                                                
# No. of entries: 50                                                            
# Col 1: photon energy E in MeV                                                 
# Col 2: bin width dE in MeV                                                    
# Col 3: dipole strength f1 in MeV^-3                                           
# Col 4: uncertainty df1 in MeV^-3                                              
# Format: 2f10.3, 2e12.3                                                        
# Author: V. W. Ingeberg et al., Phys. Rev. C 106, 054315 (2022).               
# Compiler: M. Wiedeking and V.W. Ingeberg                                      
#    E         dE       f1           df1                                        
     1.495     0.100   0.398E-07   0.168E-07
     1.595     0.100   0.457E-07   0.193E-07
     1.695     0.100   0.359E-07   0.152E-07
     1.795     0.100   0.306E-07   0.129E-07
     1.895     0.100   0.229E-07   0.969E-08
     1.995     0.100   0.208E-07   0.881E-08
     2.095     0.100   0.253E-07   0.107E-07
     2.195     0.100   0.316E-07   0.134E-07
     2.295     0.100   0.281E-07   0.119E-07
     2.395     0.100   0.240E-07   0.102E-07
     2.495     0.100   0.218E-07   0.929E-08
     2.595     0.100   0.183E-07   0.783E-08
     2.695     0.100   0.178E-07   0.761E-08
     2.795     0.100   0.132E-07   0.564E-08
     2.895     0.100   0.163E-07   0.702E-08
     2.995     0.100   0.177E-07   0.762E-08
     3.095     0.100   0.195E-07   0.842E-08
     3.195     0.100   0.181E-07   0.782E-08
     3.295     0.100   0.167E-07   0.723E-08
     3.395     0.100   0.154E-07   0.670E-08
     3.495     0.100   0.153E-07   0.668E-08
     3.595     0.100   0.142E-07   0.623E-08
     3.695     0.100   0.169E-07   0.743E-08
     3.795     0.100   0.156E-07   0.688E-08
     3.895     0.100   0.123E-07   0.544E-08
     3.995     0.100   0.134E-07   0.594E-08
     4.095     0.100   0.209E-07   0.932E-08
     4.195     0.100   0.257E-07   0.115E-07
     4.295     0.100   0.202E-07   0.907E-08
     4.395     0.100   0.201E-07   0.907E-08
     4.495     0.100   0.204E-07   0.925E-08
     4.595     0.100   0.177E-07   0.804E-08
     4.695     0.100   0.159E-07   0.726E-08
     4.795     0.100   0.187E-07   0.857E-08
     4.895     0.100   0.185E-07   0.852E-08
     4.995     0.100   0.184E-07   0.854E-08
     5.095     0.100   0.183E-07   0.849E-08
     5.195     0.100   0.154E-07   0.719E-08
     5.295     0.100   0.196E-07   0.921E-08
     5.395     0.100   0.206E-07   0.975E-08
     5.495     0.100   0.242E-07   0.115E-07
     5.595     0.100   0.315E-07   0.150E-07
     5.695     0.100   0.319E-07   0.153E-07
     5.795     0.100   0.264E-07   0.127E-07
     5.895     0.100   0.275E-07   0.133E-07
     5.995     0.100   0.322E-07   0.157E-07
     6.095     0.100   0.340E-07   0.167E-07
     6.195     0.100   0.351E-07   0.173E-07
     6.295     0.100   0.382E-07   0.189E-07
     6.395     0.100   0.311E-07   0.155E-07
