# f1_exp_028_064_OM_lower.dat                                                   
#                                                                               
# Z = 28, A = 64                                                                
# No. of entries: 55                                                            
# Col 1: photon energy E in MeV                                                 
# Col 2: bin width dE in MeV                                                    
# Col 3: dipole strength f1 in MeV^-3                                           
# Col 4: uncertainty df1 in MeV^-3                                              
# Format: 2f10.3, 2e12.3                                                        
# Author: L. Crespo Campo et al., Phys. Rev. C 94, 044321 (2016)                
# Compiler: M. Wiedeking and V.W. Ingeberg                                      
#    E         dE       f1           df1                                        
     1.980     0.124   0.797E-08   0.224E-09
     2.104     0.124   0.903E-08   0.281E-09
     2.228     0.124   0.627E-08   0.210E-09
     2.352     0.124   0.101E-07   0.255E-09
     2.476     0.124   0.950E-08   0.256E-09
     2.600     0.124   0.980E-08   0.264E-09
     2.724     0.124   0.888E-08   0.218E-09
     2.848     0.124   0.725E-08   0.228E-09
     2.972     0.124   0.106E-07   0.282E-09
     3.096     0.124   0.872E-08   0.252E-09
     3.220     0.124   0.701E-08   0.180E-09
     3.344     0.124   0.636E-08   0.200E-09
     3.468     0.124   0.713E-08   0.212E-09
     3.592     0.124   0.699E-08   0.200E-09
     3.716     0.124   0.709E-08   0.220E-09
     3.840     0.124   0.708E-08   0.236E-09
     3.964     0.124   0.688E-08   0.236E-09
     4.088     0.124   0.628E-08   0.193E-09
     4.212     0.124   0.640E-08   0.241E-09
     4.336     0.124   0.679E-08   0.226E-09
     4.460     0.124   0.707E-08   0.249E-09
     4.584     0.124   0.686E-08   0.233E-09
     4.708     0.124   0.671E-08   0.232E-09
     4.832     0.124   0.607E-08   0.228E-09
     4.956     0.124   0.584E-08   0.250E-09
     5.080     0.124   0.700E-08   0.292E-09
     5.204     0.124   0.736E-08   0.326E-09
     5.328     0.124   0.693E-08   0.307E-09
     5.452     0.124   0.768E-08   0.356E-09
     5.576     0.124   0.796E-08   0.378E-09
     5.700     0.124   0.739E-08   0.353E-09
     5.824     0.124   0.764E-08   0.341E-09
     5.948     0.124   0.814E-08   0.405E-09
     6.072     0.124   0.901E-08   0.456E-09
     6.196     0.124   0.100E-07   0.521E-09
     6.320     0.124   0.111E-07   0.569E-09
     6.444     0.124   0.109E-07   0.557E-09
     6.568     0.124   0.109E-07   0.595E-09
     6.692     0.124   0.108E-07   0.616E-09
     6.816     0.124   0.108E-07   0.647E-09
     6.940     0.124   0.115E-07   0.671E-09
     7.064     0.124   0.112E-07   0.652E-09
     7.188     0.124   0.121E-07   0.707E-09
     7.312     0.124   0.153E-07   0.958E-09
     7.436     0.124   0.157E-07   0.108E-08
     7.560     0.124   0.161E-07   0.105E-08
     7.684     0.124   0.169E-07   0.116E-08
     7.808     0.124   0.178E-07   0.118E-08
     7.932     0.124   0.168E-07   0.119E-08
     8.056     0.124   0.159E-07   0.118E-08
     8.180     0.124   0.187E-07   0.124E-08
     8.304     0.124   0.190E-07   0.147E-08
     8.428     0.124   0.191E-07   0.141E-08
     8.552     0.124   0.214E-07   0.168E-08
     8.676     0.124   0.232E-07   0.175E-08
