# f1_exp_028_064_OM_rec.dat                                                     
#                                                                               
# Z = 28, A = 64                                                                
# No. of entries: 55                                                            
# Col 1: photon energy E in MeV                                                 
# Col 2: bin width dE in MeV                                                    
# Col 3: dipole strength f1 in MeV^-3                                           
# Col 4: uncertainty df1 in MeV^-3                                              
# Format: 2f10.3, 2e12.3                                                        
# Author: L. Crespo Campo et al., Phys. Rev. C 94, 044321 (2016)                
# Compiler: M. Wiedeking and V.W. Ingeberg                                      
#    E         dE       f1           df1                                        
     1.980     0.124   0.122E-07   0.343E-09
     2.104     0.124   0.140E-07   0.437E-09
     2.228     0.124   0.984E-08   0.330E-09
     2.352     0.124   0.161E-07   0.405E-09
     2.476     0.124   0.153E-07   0.412E-09
     2.600     0.124   0.159E-07   0.429E-09
     2.724     0.124   0.146E-07   0.359E-09
     2.848     0.124   0.120E-07   0.379E-09
     2.972     0.124   0.179E-07   0.474E-09
     3.096     0.124   0.148E-07   0.428E-09
     3.220     0.124   0.120E-07   0.310E-09
     3.344     0.124   0.110E-07   0.348E-09
     3.468     0.124   0.125E-07   0.372E-09
     3.592     0.124   0.124E-07   0.355E-09
     3.716     0.124   0.127E-07   0.396E-09
     3.840     0.124   0.129E-07   0.429E-09
     3.964     0.124   0.126E-07   0.433E-09
     4.088     0.124   0.117E-07   0.359E-09
     4.212     0.124   0.120E-07   0.453E-09
     4.336     0.124   0.129E-07   0.429E-09
     4.460     0.124   0.136E-07   0.478E-09
     4.584     0.124   0.133E-07   0.452E-09
     4.708     0.124   0.132E-07   0.456E-09
     4.832     0.124   0.121E-07   0.453E-09
     4.956     0.124   0.117E-07   0.502E-09
     5.080     0.124   0.142E-07   0.593E-09
     5.204     0.124   0.151E-07   0.669E-09
     5.328     0.124   0.144E-07   0.637E-09
     5.452     0.124   0.161E-07   0.749E-09
     5.576     0.124   0.169E-07   0.803E-09
     5.700     0.124   0.159E-07   0.758E-09
     5.824     0.124   0.166E-07   0.740E-09
     5.948     0.124   0.179E-07   0.891E-09
     6.072     0.124   0.200E-07   0.101E-08
     6.196     0.124   0.225E-07   0.117E-08
     6.320     0.124   0.253E-07   0.129E-08
     6.444     0.124   0.250E-07   0.128E-08
     6.568     0.124   0.253E-07   0.138E-08
     6.692     0.124   0.253E-07   0.145E-08
     6.816     0.124   0.256E-07   0.154E-08
     6.940     0.124   0.277E-07   0.161E-08
     7.064     0.124   0.272E-07   0.159E-08
     7.188     0.124   0.297E-07   0.174E-08
     7.312     0.124   0.379E-07   0.238E-08
     7.436     0.124   0.395E-07   0.272E-08
     7.560     0.124   0.410E-07   0.266E-08
     7.684     0.124   0.435E-07   0.298E-08
     7.808     0.124   0.463E-07   0.308E-08
     7.932     0.124   0.443E-07   0.313E-08
     8.056     0.124   0.423E-07   0.314E-08
     8.180     0.124   0.503E-07   0.333E-08
     8.304     0.124   0.515E-07   0.399E-08
     8.428     0.124   0.526E-07   0.388E-08
     8.552     0.124   0.596E-07   0.467E-08
     8.676     0.124   0.652E-07   0.493E-08
