# f1_exp_028_064_OM_upper.dat                                                   
#                                                                               
# Z = 28, A = 64                                                                
# No. of entries: 55                                                            
# Col 1: photon energy E in MeV                                                 
# Col 2: bin width dE in MeV                                                    
# Col 3: dipole strength f1 in MeV^-3                                           
# Col 4: uncertainty df1 in MeV^-3                                              
# Format: 2f10.3, 2e12.3                                                        
# Author: L. Crespo Campo et al., Phys. Rev. C 94, 044321 (2016)                
# Compiler: M. Wiedeking and V.W. Ingeberg                                      
#    E         dE       f1           df1                                        
     1.980     0.124   0.216E-07   0.607E-09
     2.104     0.124   0.247E-07   0.771E-09
     2.228     0.124   0.173E-07   0.580E-09
     2.352     0.124   0.282E-07   0.711E-09
     2.476     0.124   0.267E-07   0.721E-09
     2.600     0.124   0.278E-07   0.750E-09
     2.724     0.124   0.254E-07   0.625E-09
     2.848     0.124   0.209E-07   0.658E-09
     2.972     0.124   0.310E-07   0.822E-09
     3.096     0.124   0.256E-07   0.740E-09
     3.220     0.124   0.208E-07   0.534E-09
     3.344     0.124   0.190E-07   0.599E-09
     3.468     0.124   0.215E-07   0.639E-09
     3.592     0.124   0.212E-07   0.607E-09
     3.716     0.124   0.218E-07   0.676E-09
     3.840     0.124   0.219E-07   0.731E-09
     3.964     0.124   0.215E-07   0.735E-09
     4.088     0.124   0.198E-07   0.608E-09
     4.212     0.124   0.203E-07   0.765E-09
     4.336     0.124   0.217E-07   0.724E-09
     4.460     0.124   0.228E-07   0.804E-09
     4.584     0.124   0.224E-07   0.759E-09
     4.708     0.124   0.221E-07   0.764E-09
     4.832     0.124   0.201E-07   0.757E-09
     4.956     0.124   0.195E-07   0.836E-09
     5.080     0.124   0.236E-07   0.986E-09
     5.204     0.124   0.250E-07   0.111E-08
     5.328     0.124   0.238E-07   0.105E-08
     5.452     0.124   0.266E-07   0.123E-08
     5.576     0.124   0.278E-07   0.132E-08
     5.700     0.124   0.260E-07   0.124E-08
     5.824     0.124   0.272E-07   0.121E-08
     5.948     0.124   0.292E-07   0.145E-08
     6.072     0.124   0.326E-07   0.165E-08
     6.196     0.124   0.365E-07   0.190E-08
     6.320     0.124   0.409E-07   0.209E-08
     6.444     0.124   0.405E-07   0.207E-08
     6.568     0.124   0.408E-07   0.223E-08
     6.692     0.124   0.406E-07   0.233E-08
     6.816     0.124   0.411E-07   0.246E-08
     6.940     0.124   0.443E-07   0.258E-08
     7.064     0.124   0.434E-07   0.253E-08
     7.188     0.124   0.473E-07   0.277E-08
     7.312     0.124   0.602E-07   0.378E-08
     7.436     0.124   0.625E-07   0.430E-08
     7.560     0.124   0.648E-07   0.421E-08
     7.684     0.124   0.685E-07   0.469E-08
     7.808     0.124   0.727E-07   0.484E-08
     7.932     0.124   0.694E-07   0.490E-08
     8.056     0.124   0.661E-07   0.490E-08
     8.180     0.124   0.785E-07   0.520E-08
     8.304     0.124   0.801E-07   0.621E-08
     8.428     0.124   0.816E-07   0.603E-08
     8.552     0.124   0.922E-07   0.722E-08
     8.676     0.124   0.101E-06   0.761E-08
